x-1m
Best fitness score: 0.000035

    |  0.706 -0.708  0.000 | 
R = |  0.708  0.706  0.000 | 
    |  0.000  0.000  1.000 | 

t = < -0.299, 0.711, 0.000 >
x-1m_y-1m
Best fitness score: 0.000022

    |  0.705  0.709  0.000 | 
R = |  0.709 -0.705  0.000 | 
    |  0.000  0.000 -1.000 | 

t = < 0.410, -0.994, 0.844 >
x-1m_y1m
Best fitness score: 0.000038

    | -0.977  0.213  0.000 | 
R = | -0.213 -0.977  0.000 | 
    |  0.000  0.000  1.000 | 

t = < -2.279, 1.880, 0.000 >
x1m_y-1m
Best fitness score: 0.000023

    | -0.705  0.709  0.000 | 
R = | -0.709 -0.705  0.000 | 
    |  0.000  0.000  1.000 | 

t = < 2.446, -1.038, 0.000 >
x1m_y1m
Best fitness score: 0.000013

    | -0.981 -0.195  0.000 | 
R = |  0.195 -0.981  0.000 | 
    |  0.000  0.000  1.000 | 

t = < 2.398, 2.118, 0.000 >
y-1m
Best fitness score: 0.000012

    | -0.831  0.556  0.000 | 
R = | -0.556 -0.831  0.000 | 
    |  0.000  0.000  1.000 | 

t = < 0.556, -1.531, 0.000 >
y-1m camera move
Best fitness score: 0.000012

    | -0.831  0.556  0.000 | 
R = | -0.556 -0.831  0.000 | 
    |  0.000  0.000  1.000 | 

t = < 0.556, -1.531, 0.000 >
y1m
Best fitness score: 0.000014

    |  0.707  0.707  0.000 | 
R = |  0.707 -0.707  0.000 | 
    |  0.000  0.000 -1.000 | 

t = < -0.247, 2.167, 0.844 >
z1m
Best fitness score: 0.000016

    | -0.195 -0.981 -0.000 | 
R = | -0.981  0.195  0.000 | 
    | -0.000  0.000 -1.000 | 

t = < -0.278, 0.416, 2.000 >
