y1m 
R = [  0.707  0.707  0.000 ; 
       0.707 -0.707  0.000 ; 
       0.000  0.000 -1.000 ]; 

t = [ -0.247, 2.167, 0.844 ];
y-1m 
R = [ -0.831  0.556  0.000 ; 
      -0.556 -0.831  0.000 ; 
       0.000  0.000  1.000 ]; 

t = [ 0.556, -1.531, 0.000 ];
y1m 
R = [ -0.698 -0.699  0.154 ; 
       0.704 -0.710 -0.035 ; 
       0.134  0.085  0.987 ]; 

t = [ 0.672, 1.716, -0.188 ];
y-1m 
R = [ -0.989 -0.143 -0.038 ; 
       0.142 -0.990  0.007 ; 
      -0.039  0.001  0.999 ]; 

t = [ 0.185, -2.298, -0.135 ];
y1m 
R = [ -0.178  0.984  0.000 ; 
      -0.984 -0.178  0.000 ; 
       0.000  0.000  1.000 ]; 

t = [ -1.324, 1.401, 0.000 ];
y-1m 
R = [ -0.744  0.659 -0.107 ; 
      -0.665 -0.747  0.022 ; 
      -0.066  0.087  0.994 ]; 

t = [ 0.636, -1.788, 0.057 ];
test 
R = [ -0.023 -1.000 -0.000 ; 
      -1.000  0.023  0.000 ; 
       0.000 -0.000 -1.000 ]; 

t = [ 0.185, 0.579, 1.002 ];
test2 
R = [  0.797  0.592  0.120 ; 
       0.599 -0.800 -0.036 ; 
       0.074  0.101 -0.992 ]; 

t = [ -0.795, 3.783, 0.940 ];
test 
R = [  0.886 -0.464  0.000 ; 
       0.464  0.886  0.000 ; 
      -0.000 -0.000  1.000 ]; 

t = [ 0.252, 0.999, -1.098 ];
test3 
R = [  0.934  0.358  0.000 ; 
      -0.358  0.934  0.000 ; 
       0.000  0.000  1.000 ]; 

t = [ 0.003, -0.037, 0.000 ];
test4 
R = [  0.382  0.923  0.042 ; 
      -0.924  0.383 -0.008 ; 
      -0.024 -0.035  0.999 ]; 

t = [ -0.934, 0.619, 0.027 ];
