base 
R = [  0.934  0.358  0.000 ; 
      -0.358  0.934  0.000 ; 
       0.000  0.000  1.000 ]; 

t = [ 0.003, -0.037, 0.000 ];
x1 
R = [  0.737 -0.676  0.000 ; 
       0.676  0.737  0.000 ; 
      -0.000 -0.000  1.000 ]; 

t = [ 0.271, -0.670, 0.000 ];
x1y1 
R = [  0.766  0.643  0.000 ; 
      -0.643  0.766  0.000 ; 
      -0.000 -0.000  1.000 ]; 

t = [ -0.417, 0.873, 0.000 ];
x1y-1 
R = [ -0.012 -0.999  0.048 ; 
       0.997 -0.015 -0.077 ; 
       0.078  0.047  0.996 ]; 

t = [ -0.008, -1.981, -0.022 ];
x-1 
R = [  0.973 -0.231  0.000 ; 
       0.231  0.973  0.000 ; 
       0.000  0.000  1.000 ]; 

t = [ 0.013, 0.222, 0.000 ];
x-1y1 
R = [  0.846 -0.533  0.023 ; 
       0.533  0.846 -0.011 ; 
      -0.014  0.022  1.000 ]; 

t = [ 0.379, 0.694, -0.040 ];
x-1y-1 
R = [  0.459  0.888 -0.019 ; 
      -0.888  0.458 -0.041 ; 
      -0.028  0.036  0.999 ]; 

t = [ 0.335, -1.411, 0.010 ];
y1 
R = [  0.382  0.923  0.042 ; 
      -0.924  0.383 -0.008 ; 
      -0.024 -0.035  0.999 ]; 

t = [ -0.934, 0.619, 0.027 ];
y-1 
R = [  0.645 -0.764  0.000 ; 
       0.764  0.645 -0.000 ; 
       0.000  0.000  1.000 ]; 

t = [ -0.760, -0.400, 0.000 ];
base 
R = [ -0.146 -0.989  0.000 ; 
       0.989 -0.146  0.000 ; 
       0.000  0.000  1.000 ]; 

t = [ -0.022, 0.022, 0.000 ];
x1 
R = [  1.000  0.027  0.000 ; 
      -0.027  1.000  0.000 ; 
       0.000  0.000  1.000 ]; 

t = [ 0.003, 0.028, 0.000 ];
x-1 
R = [ -0.362  0.932  0.000 ; 
      -0.932 -0.362  0.000 ; 
       0.000  0.000  1.000 ]; 

t = [ -1.429, -0.961, 0.000 ];
